35-高铁出行-339,340,8684,344,1995,910,966,12306,1996,1994,1997,2276,137
36-旅游攻略-82,352,577,675,705,708,751,911,976,1998,1107,2000,2002,1617,2275
159-策略战棋游戏-497,501,530,551,594,623,830,875,952,1013,1498,2
34-飞机出行-338,341,908,1028,1104,1525,1742,1743,1744,1745,1746,1747,1949,1951,1952,1954,1956,1971
158-厨艺-321,324,325
39-天气-9,44,123,353,417,418,419,500,725,1003,2352
157-电影-521,574,643,660,779
156-肯德基-904,942
37-酒店订购-2003,342,343,764,909,1027,1088,1999,1530,1548,1549,1946,1947,1948,8,1950,1953,1955,1957,1972,2006
155-外卖-617,619,649,974,986,1002,1189,1236,1399,1448
38-手机银行-202,208,210,213,237,239,2336,241,243,2337,245,591,1170,1564,1383,1384,1385,1478,1714,1715,1716,1717,1718,1719,1720,1721,1722,1723,1724,1725,1726,1727,1728,1729,1739,2335,2026,2027,2028,2029,2030,2031,2032
154-美食-185,192,268,269,298,310,311,438,658,685,720,833,835,889,1031,1039,1089,1177,1183,1184,1188,1239,1240,1296,1483,114,2207
152-家政服务-1108
153-会展-560
150-书籍-25,26,27,1979,32,60,91,61,94,95,1978,157,122,142,143,144,146,168,204,219,230,738,328,396,397,398,399,411,412,485,582,583,584,585,605,609,672,679,688,694,699,726,735,739,747,761,762,783,792,793,796,801,802,808,826,874,906,360,939,938,950,951,997,998,999,1000,1004,1005,1006,1007,1008,1021,1025,1044,1046,1066,1099,1102,1106,1135,1136,1137,1138,1139,1140,1141,1154,1156,1169,1174,1225,1289,1290,1303,1983,1455,1465,1467,1982,1469,1981,1484,115,1980,1590,1591,1977,1593,1594,1595,1596,1597,1598,1599,1600,1601,1602,1603,1976,100
151-网址导航-674,123,806,811
43-健身-695,834,964,2310,2311,2313,2314,2315
42-跑步-1097,1672,1673,1674,1675,1677
40-微博-10,36,49,516,562,604,727,753,785,1430
202-新浪微博用户-10
203-腾讯微博用户-36
204-搜狐微博用户-49
205-江苏省大学-1203,1847,1851,1884,1885,1886,1887,1888,1889,1890,1891,1892,1916,1917,1918,1919,1920,1921,1922,1923,1924,1925,1926,1927,1928,1929,1930,1931,1932,1933,1934,1935,1936,1937,1938,1939,1940,1941,1942,1943,1944,1945,2129,2130,2132,2146,2147,2148,2149,2150,2151,2152,2153,2154,2155,2156,2157,2158,2159,2160,2161,2162,2163,2164,2165,2166,2167,2168,2169,2170,2171,2172,2173
200-恒丰银行客户-2031
201-联邦银行客户-2032
22-笑话-168,230,328,397,398,412,874,1021,1025,1044,1225
23-彩票-1477,329,330,331,332,333,3,334,409,433,590,365,592,832,862,914,945,995,1197,1198,1199,500,1200,258,1201,1202,9188,1215,91,1223,1224,1700,2,1701,88,1702,1703,1704,1705,1706,1707,1708
169-社交游戏-246,549,1168
24-新闻视频-517,204,726,1603
26-杂志-485,1046,1106,1156,1169,1982,1977,94
166-战略攻略游戏-882,1043,17173,1167,1304,1305,2253,1586,1611,1612,1614
206-北京地区大学-1845,1854,1862,1863,1871,1875,1877,1879,1881,1882,1898,1899,1900,1901,1902,1903,1904,1905,1906,1907,1908,1909,1910,1911,1912,1913,1914,1915,2122,2124,2125,2126,2127,2128,2133,2134,2135,2136,2137
165-赛车游戏-446,5,447,7,486,13,487,528,5,533,536,624,625,634,6,855,1015,1248,3
207-福建省大学-1846,2181
208-天津地区大学-1848,1866
28-记账工具-114,155,432,883,1653
168-休闲小游戏-48,58,164,226,232,233,234,236,247,249,253,296,299,383,400,401,402,403,4,404,405,3,421,422,423,424,442,443,480,484,492,515,519,100,522,523,524,525,600,541,593,612,626,627,628,629,630,631,632,635,655,656,657,661,662,665,666,673,681,690,704,707,709,768,829,831,844,861,868,869,870,2,876,918,919,921,922,923,953,2,967,969,1014,1560,1101,1103,1125,1159,1164,1165,1190,1244,2,1246,2,1247,1249,1250,1251,1254,1255,2,1257,2,1259,1479,1558,1563,1570,1572,1575,2,1576,1615,410,496,3,867,917,961
209-浙江省大学-1849,2179,2180
29-手机赚钱平台-686,994,1553,1554,1555,1556,1642,1671,91
167-射击游戏-235,2,256,449,452,495,601,4,531,940,985,2014,1093,1163,1252,2014,1579,1613
3-铃声-457,653,771,840,1023,1352,1353,1355,1387
161-射击游戏-2286
2-K歌达人-441,543,711,721,780,798,1022,1055,1114,1115,1116,1390,1398,1402,1501,51,1502,8,2361
162-飞行游戏-448,450,535,3,1016
1-音乐播放下载-31,57,59,106,107,109,174,231,305,307,309,668,669,716,717,748,752,770,782,812,843,946,1024,1182,1284,1292,1354,1451,1485,5,1495,3,1496,1497,998,1616,1619,1626,1666,2269
163-竞技游戏-1585,1308,1286,767,1581,1166,2285,3
164-旗牌游戏-167,2317,250,425,426,429,430,431,498,499,920,1161,1162,1245,1561,1562,2318
7-早教音乐-1499,3
30-p2p理财-1510,2272,1552,1605,2202,2203,2206,2299,2300,2302,2303,2304,2305,2306,2307,2319,2320,2324,2325,2328,2331,2339,2340,2341,2342,2344,2345,2357,2358,2359,2360,2450,2451,2452,2453,1508,1659,1512,1606,1646,1647,1652,1662,1730
6-音乐社交-728,871,1410,66,3,1625
5-独立音乐-218,744,975,1380,1404,1441,1493
4-DJ音乐-734,1412,234,1421,1474,1481,1500,1314
31-保险投资-1970
160-动作游戏-242,251,252,481,482,483,493,2,529,664,841,842,854,912,913,1012,1172,1243,2,1253,1256,1258,1306,1471,1559,2,1571,1574,1577,1578,1580,1584,1587,960
9-儿歌-1476
8-韩国音乐-1415
211-上海地区大学-1852,1861,1864,1883,1893,1894,1895,1896,1897,2138,2139,2140,2141,2142,2143,2144,2145
212-山东省大学-1853,1865
210-陕西省大学-1850,1860,1880,2176,2177
215-四川省大学-1856,1857
216-广东省大学-1858,1874,2186,2187,2188
213-安徽省大学-2174,2175
19-拍摄-2247,2245,2244,2243,1428,1378,1196,1109,988,947,637,4,563,111,112,360,187,289,290,291,292,366,456,572,701,745,777,872,905,959,968,1065,1074,1096,1365,1366,1367,1369,1370,1372,1373,1374,1375,1376,190
214-吉林省大学-1855
219-山东省大学-1869
17-美剧-2263
179-旅游-826,78,82,352,494,576,577,675,705,708,751,494,576,819,847,850,911,927,976,1998,1057,1058,1076,1107,1124,1400,2001,2000,2002,1617,1627,2004,2009,2273,2275,2277,2368,2377
18-动漫-2262,1685,1456,1454,1979,1978,411,582,605,672,808,938,950,1000,1007,1099,1174,1289,1455,1465,1469,1981,1980
178-有声读物-396,583,783,906,360,1006,1983,1467,1591,1598,1599,1600,1601
217-甘肃省大学-1859,2131,2183
15-体育视频-2268,1544,1488,973,696
177-电台-218,871,946,1380,1415,1441,1493
218-湖北省大学-1867,1868,2123,2178,2182
16-韩剧-2264,1414
176-短视频-25,26,27,1979,32,60,91,61,94,95,1978,157,122,142,143,144,146,168,204,219,230,738,328,396,397,398,399,411,412,485,582,583,584,585,605,609,672,679,688,694,699,726,735,739,747,761,762,783,792,793,796,801,802,808,826,2246,874,906,360,939,938,950,951,997,998,999,1000,1004,1005,1006,1007,1008,1021,1025,1044,1046,1066,1099,1102,1106,1135,1136,1137,1138,1139,1140,1141,1154,1156,1169,1174,1225,1289,1290,1303,1983,1455,1465,1467,1982,1469,1981,1484,115,1980,1590,1591,1977,1593,1594,1595,1596,1597,1598,1599,1600,1601,1602,1603,1976,100
13-宗教-1411
14-小说-25,26,27,32,60,91,61,157,142,143,144,146,219,738,396,399,583,584,585,679,694,699,735,783,792,793,796,801,802,906,360,951,997,998,999,1004,1005,1006,1008,1066,1102,1135,1136,1137,1138,1140,1141,1154,1290,1983,1484,115,1590,1595,1596,1597,1598,1599,1600,1601,1602
12-网络直播-2449,2442,2441,2440
21-财经杂志-94
170-角色扮演游戏-420,427,434,453,488,489,2,490,491,573,4,589,663,863,897,898,899,932,954,1010,1011,1160,1171,1307,1582,1583,1588,3,1610,254,555,1569,1573
20-手机TV直播-205,2376,1630,1540,1475,1211,1206,1176,1113,1083,931,848,789,755,667,654,636,506,392,100,199
171-模拟经营游戏-248,815,837
175-长视频-205,2449,2442,2441,2376,2353,2271,2270,2269,2268,2267,2266,2265,2264,2263,2262,2261,2260,2259,2258,2257,2255,2247,2246,2245,2244,2243,1685,1630,1544,1540,1488,1477,1475,1462,1456,1454,1453,1452,1449,1428,1426,1425,1414,1411,1403,1392,1391,1378,1351,1350,1349,1348,1347,1346,1345,1344,1343,1342,1340,1339,1338,1337,1336,1333,1291,1275,1242,1211,1210,1209,1207,1206,1196,1176,1113,1109,1083,1035,1034,1026,988,973,957,956,948,947,931,848,809,56,800,789,755,736,733,696,670,667,654,652,1905,651,2440,636,637,4,563,518,517,506,395,394,393,392,100,391,358,217,206,199,179,110,108,98,97,90,89,88,87,86,41,12,190
172-房产资讯-84,1326,1442,1443,1515
173-房产中介-565,360,659,795,365,849,853,1092,1195,0737,1444,1445,1513,1516,1565,1566,1654,1655,1656,1657,1658,1709,58
220-湖南省大学-1870,1878
221-重庆地区大学-1872
222-辽宁省大学-1873,1876
223-广西省大学-2184,2185
224-工商局信息-2049
225-财政局信息-2047,2050
226-教育局信息-2051
227-人社局信息-2046,2054,2056,2058,2060,2062,2065,2067,2069,2072,2076,2078,2080,2083,2085
228-税务局信息-2075,2081
188-中国建设银行客户-241
229-公安局信息-2052
187-中国银行客户-2336
189-农业银行客户-243
180-运动-695,834,964,1097,1260,1543,1672,1673,1674,1675,1676,1677,1678,1680,1684,1687,2308,2309,2310,2311,2312,2313,2314,2315,2316,68,69,1320,1324,1329,996,1019,1233,1361,1679,2221,2222,2223,2224
181-交通银行客户-202
182-浦发银行-208
183-招商银行客户-210
184-光大银行客户-213
185-北京银行客户-237
186-工商银行客户-239
116-YY语音-55
79-驾校-348
117-移动社交-56,166,198,276,278,280,678,730,990,993,1298,2034
78-笔记-337,984,1009,1051,1052,445,642,700,933,1071,1094,1466
114-阿里旺旺-6,354
77-英语学习-319,323,347,350,351,680,710,865,1126,1131,1132,1396,1434,1460,1637,2234,2235,2242
115-微信-35
112-医院挂号-1713,1741,12320,2117,2118,2119,2120,2217,2218
113-QQ-2,100
110-戒烟-1690
111-颈椎问题-1694
118-流量通信-21,13,301,302,304,346,356,357,359,360,365,437,599,544,546,553,571,613,677,737,746,763,797,873,928,955,980,992,1054,1158,1228,1241,1397,2033,1395
119-淘宝卖家-1017
82-作业题库-1638,1640
83-公务员备考-349,91,1639
80-课程表-1095,1620
81-考研-1635,1636,2236,2241
86-综合新闻-45,51,52,62,92,118,119,120,121,3,150,175,293,372,373,375,376,538,539,540,818,915,929,1047,1155,1276,1310,1311,1313,1316,1318,1322,1327,1332,1335,1436,1437,1604
87-娱乐新闻-65,66,91,67,1312,1319,1323,1328,1334,1422
84-虚拟商品交易-300,2454
85-信用卡-608,858,1419,51,1621,1622,1623,51,1624,2211
125-语音识别-406,754,759
66-路况-930,79,773
126-下载工具-676
69-家里有个小宝宝-712,757,825,881,977,1041,1042,1077,1133,1992,1991,1993,1435,1457,1463,1473,1526,1533,1534,1535,1536,1546,1547,1643,1644,1645,1532,1537,1538,1539
68-装修-1963,1962,1961,1959,1960,1964,1958
128-淘宝-38,586,607,891,894,895
121-个性输入法-30,131,407,408
122-手机电源管理-228,580
123-手机网速监控-514,1142,1143,1149,1368
124-手机性能优化-384,596,602,684,1458
129-京东-75
70-情色-1486,1490,1494,1504,2
71-奢侈品-2037,2038,2039,2040,2041
120-手机流量监测-238,288,389,718,760,1068,2087
73-手机邮箱-81,220,139,222,774,1050,2043,2219,2220,189
74-手机办公-115,153,159,355,1431
75-外语翻译-117,124,125,209,877
76-在线课程-145,591,595,732,864,879,963,1379
134-阿里巴巴-569,886,892
132-购书-502,722,724,742
59-汽车违章-436,1216,1217,1521,1632,1712,327
133-苏宁易购-503
58-二手车-267,907,2284,1081,51,1965,1966,273,1967
138-穿衣搭配-2008,377,439,648,824,972,1036,1180,1232,2229,1356,1357,2225,2227,2228,2231,365
57-手机安全-19,23,24,126,360,378,379,380,381,382,644,943,1262,1266,1268,1270,1272,1446
139-华为商城-2019
56-招聘信息-564,568,51,1090,1091,1238,1438,2237,2238,2240
136-微店-1040,2021
55-中学名校-1748,1749,1750,1751,1752,1753,1754,1755,1756,1757,1758,1759,1760,1761,1762,1763,1764,1765,1766,1767,1768,1769,1770,1771,1772,1773,1774,1775,1776,1777,1778,1779,1780,1781,1782,1783,1784,1785,1786,1787,1788,1789,1790,1791,1792,1793,1794,1795,1796,1797,1798,1799,1800,1801,1802,1803,1804,1805,1806,1807,1808,1809,1810,1811,1812,1813,1814,1815,1816,1817,1818,1819,1820,1821,1822,1823,1824,1825,1826,1827,1828,1829,1830,1831,1832,1833,1834,1835,1836,1837,1838,1839,1840,1841,1842,1843,1844
137-情趣用品-2023
64-汽车保养-1631,2274
65-汽车资讯-371,979,1053,1079,1153,1204,1205,1213,1214,1218,1219,1220,1221,1222,1394,1433,1522,1523,1524,1527,1528,1529
62-拼车-1974,1975,2329,2330,51,2347
63-租车-270,1968,1302,1511,1518,1519,1520,2005
60-代驾-900,1235,1237,1358,1362,1363,1364,1517,1542
131-购物帮助-189,191,135,136
61-打车-1973,2256,823,852,856,1301
130-团购-80,800,182,183,186,315,317,645,650,682,691,692,693,698,776,805,821,828,838,18,845,846,859,903,941,970,982,1,1084,1086,1185,1194,1401,2007,2010,2012,2013,2015,2016,2017,2020,2022,9,9,39,180,184,193,312,313,314,316,318,603,532,116114,575,772,778,786,807,800,810,814,820,866,878,926,1178,1179,2248,800,2249,800
49-DNF-2448
143-司机-1150,1151
48-CF-2447
144-赌博-1969
145-公交出行-33,132,8684,188,1018,1229,1551
146-地铁出行-640,8684,839
45-社区小游戏-633,639,17173,769,935,936,989,1173,1278,4399,1282,1283,2144,1288,1309
147-通讯商网络营业厅-85,272,444,2042,2086
44-骑行-1680
148-快递-567,46644,791,360,822,100,1506
47-Dota-2446,2
149-社会信息查询-1152,1740
46-LOL-1277,2443,2444,2445
51-app下载-458,129,91,214,216,229,385,386,388,390,459,460,461,462,463,464,465,466,467,468,469,470,471,472,473,474,475,477,478,479,505,614,616,618,360,621,706,813,860,888,1067,1073,1105,1157,1212,28
52-大学信息-1203,1845,1846,1847,1848,1849,1850,1851,1852,1853,1854,1855,1856,1857,1858,1859,1860,1861,1862,1863,1864,1865,1866,1867,1868,1869,1870,1871,1872,1873,1874,1875,1876,1877,1878,1879,1880,1881,1882,1883,1884,1885,1886,1887,1888,1889,1890,1891,1892,1893,1894,1895,1896,1897,1898,1899,1900,1901,1902,1903,1904,1905,1906,1907,1908,1909,1910,1911,1912,1913,1914,1915,1916,1917,1918,1919,1920,1921,1922,1923,1924,1925,1926,1927,1928,1929,1930,1931,1932,1933,1934,1935,1936,1937,1938,1939,1940,1941,1942,1943,1944,1945,2122,2123,2124,2125,2126,2127,2128,2129,2130,2131,2132,2133,2134,2135,2136,2137,2138,2139,2140,2141,2142,2143,2144,2145,2146,2147,2148,2149,2150,2151,2152,2153,2154,2155,2156,2157,2158,2159,2160,2161,2162,2163,2164,2165,2166,2167,2168,2169,2170,2171,2172,2173,2174,2175,2176,2177,2178,2179,2180,2181,2182,2183,2184,2185,2186,2187,2188,2252
53-政府信息关注-2045,2046,2047,2048,2049,2050,2051,2052,2053,2054,2055,2056,2057,2058,2059,2060,2061,2062,2063,2064,2065,2066,2067,2068,2069,2070,2071,2072,2073,2074,2075,2076,2077,2078,2079,2080,2081,2082,2083,2084,2085,2088,2089,2090,2091,2092,2093,2094,2095,2096,2097,2098,2099,2100,2101,2102,2103,2104,2105,2106,2107,2108,2109,2110,2111,2112,2113,2114,2115
54-婚恋网-279,749,817,949,1029,1030,1059,1075,1181,1192,2230
140-海淘-1360,2018,2254
50-星座/占卜-70,255,295,297,1518,646,775
280-凤凰新闻-517,204,120
283-中国好声音-782
282-天天动听用户-57
288-书旗用户-144
286-腾讯视频用户-88
287-PPTV用户-41
270-暴风影音用户-97
272-乐事用户-1346,1345,1344,1343
271-土豆用户-1349,1348,1347,86
274-爱奇艺用户-1337,1336
273-优酷用户-1342,1340,1339,89,12
277-QQ影音用户-98
278-迅雷看看-87
279-PPS影音-90
109-糖尿病-1682,1699
107-减肥-996,1019,1233,1361,1679,2221,2222,2223,2224
106-安眠-455
105-医疗/养身-320,322,326,588,804,816,901,1001,1048,1186,1187,1,1439,1633,1634,1681,1686,1688,1689,1691,1692,160,1693,39,1695,1696,1697,1698,2116,2121,2213,2214,39,2215,2216
104-浏览器-3,454,14,42,103,154,507,282,283,284,285,286,287,345,508,509,510,360,511,512,513,606,683,944,1078
103-通讯录-101,113,364,702,937,1234,1507,2036,622
102-股市资讯-262,261,223,225,263,803,1045,1314,1321,1330,1987,1514,1567,1568,1650,1651,1731,1733,1734,1735
99-分期消费-1629,2278,2190,2194,2195,2196,99,2197,2198,2200,2370
101-股市投资助手-17,18,259,258,1988,1191,1263,1663
100-手机炒股-7,8,11,15,16,20,50,260,1297,1070,1080,1990,1989,1264,1986,1985,1984,1648,1649,1660,1661,1664,1665,1668,1669,1732,1736,1737,1738
98-手机贷款-2287,2288,360,2289,2290,2291,2292,2293,2294,2295,2296,2297,2298,2301,2343,2346,2279,1069,1607,1608,1609,2189,2191,2193,2199,2208,2239,2250,2251,2280,2281,360,2282,2283,2321,2322,2323,2326,2327,2332,2333,2334,2338
97-网络社交-37,4,47,53,54,93,200,274,281,367,370,550,552,556,557,559,561,578,641,697,703,741,743,790,794,896,925,962,965,991,1038,1060,1061,1062,1063,1100,1117,1118,1119,1120,1121,1122,1123,1127,1128,1130,1175,1226,1227,1230,1231,1279,1285,1287,1299,1300,1359,1377,1393,1405,1409,1427,1429,1450,1459,1492,1667
96-手机个性设置-156,138,139,140,91,141,162,264,265,266,361,362,363,368,784,360,787,958,971,1072,1371,2035
95-手机支付-74,215,587,615,893,1265,1293,1294,1295,1641,2209,2210,360,2212
94-搜索工具-104,211,212,671,799,1408,1418,1628
93-法律-1711
92-网盘-147,169,115,170,172,173,257,177,360,207,504,610,756,781,851,857,880,885,1049,1489
91-军事新闻-1315
294-普通本科院校-1860,1863,1873,1876,1880,1884,1899,1901,1916,1917,1918,1919,1920,1921,1922,1923,1924,1925,1926,1927,1928,1929,1930,1931,1932,1933,1934,1935,1936,1937,1938,1939,1940,1941,1942,1943,1944,1945,2129,2130,2131,2132,2141,2142,2145,2149,2151,2152,2153,2154,2155,2156,2157,2158,2159,2160,2161,2162,2163,2164,2165,2166,2167,2168,2169,2170,2173,2174,2175,2183,2184,2185
90-财经新闻-729,765,766,1461
293-大专类院校-2171,2172
296-财经-94,1510,2272,1552,1605,1970,2202,2203,2206,2287,2288,360,2289,2290,2291,2292,2293,2294,2295,2296,2297,2298,2299,2300,2301,2302,2303,2304,2305,2306,2307,2319,2320,2324,2325,2328,2331,2339,2340,2341,2342,2343,2344,2345,2346,2357,2358,2359,2360,2450,2451,2452,7,8,11,15,16,17,18,20,50,260,262,261,259,258,223,225,263,803,1297,1045,1070,1080,1990,1989,1988,1191,1263,1264,1314,1321,1330,1986,1985,1984,1987,1508,1659,1512,1514,1567,1568,1606,1646,1647,1648,1649,1650,1651,1652,1660,1661,1662,1663,1664,1665,1668,1669,1730,1731,1732,1733,1734,1735,1736,1737,1738
295-美食爱好者-185,192,268,269,298,310,311,321,324,325,438,658,685,720,833,835,889,1031,1039,1089,1177,1183,1184,1188,1239,1240,1296,1483,114,2207
290-腾讯新闻用户-119
292-985,211大学-1203,1845,1846,1847,1848,1849,1850,1851,1852,1853,1854,1855,1856,1857,1858,1859,1861,1862,1864,1865,1866,1867,1868,1869,1870,1871,1872,1874,1875,1877,1878,1879,1881,1882,1883,1885,1886,1887,1888,1889,1890,1891,1892,1893,1894,1895,1896,1897,1898,1900,1902,1903,1904,1905,1906,1907,1908,1909,1910,1911,1912,1913,1914,1915,2122,2123,2124,2125,2126,2127,2128,2133,2134,2135,2136,2137,2138,2139,2140,2143,2144,2146,2147,2148,2150,2176,2177,2178,2179,2180,2181,2182,2186,2187,2188
291-新闻-2271,2268,2267,1345,1523,1524,1527,1528,1529,45,51,52,62,65,66,91,67,68,69,92,118,119,120,121,3,150,175,293,372,373,374,375,376,538,539,540,542,729,765,766,818,915,929,1047,1155,1276,1310,1311,1312,1313,1315,1316,1317,1318,1319,1320,1322,1323,1324,1325,1327,1328,1329,1331,1332,1334,1335,1422,1436,1437,1461,1604
297-女性-825,881,1041,1077,1133,1992,1993,1463,816,1048,1439,439,824,1036,1232,1356,2225,2228
298-基础功能小工具-156,138,139,140,91,141,162,264,265,266,361,362,363,368,784,360,787,958,971,1072,1371,2035,37,101,113,364,445,642,700,702,933,937,1071,1094,1234,1466,1507,2036,3,454,14,42,103,154,507,282,283,284,285,286,287,345,508,509,510,360,511,512,513,606,683,944,1078,13,301,302,304,346,356,357,359,360,365,437,599,544,546,553,571,613,677,737,746,763,797,873,928,955,980,992,1054,1158,1228,1241,1397,2033,30,158,130,131,228,238,288,335,336,384,387,389,406,407,408,514,596,597,602,570,580,622,676,684,718,760,754,759,836,1068,1142,1143,1149,1395
88-体育新闻-68,69,1320,1324,1329
89-科技新闻-374,542,1317,1325,1331
240-支付宝支付-74,893,1265
241-贴吧论坛-53,54,552,965
195-南京银行客户-1385,1478
194-民生银行客户-2335
197-华夏银行客户-2027
196-广发银行客户-2026
191-兴业银行客户-245
190-中信银行客户-2337
193-江苏银行客户-1383,1384
192-邮储银行客户-1170
198-深圳农商行客户-2028
199-广州农商银行客户-2029
245-百度糯米-649
244-美团使用者-619,1189
242-个人分享空间-4,47,274,697,1299,1300
249-电视剧-2265,2264,2263,2258,1630,1426,1425,1338,1211,1206,1176,1113,1083,931,848,789,755,667,654,636,506,392,100,199
248-电影-2353,2261,2260,1452,1449,1403,1351,1350,956,948,652,1905,395,293,521,574,643,660
247-饿了么-1448
246-大众点评-39
230-竞彩彩票-329,1200,258,1708
239-微信支付-1293,1294,1295
232-金山手机卫士-23
231-福利彩票-332
234-McAfee手机卫士-382
233-360手机卫士-126,360
236-安卓手机卫士-381
235-瑞星手机卫士-19
238-百度手机卫士-1446
237-安全管家-1268
262-有新房-1963,1962,1961,1959,1960,1964,1958
263-QQ音乐用户-59
260-学习-117,124,125,145,591,209,319,323,337,347,349,91,350,351,595,680,710,732,864,865,877,879,963,984,1009,1051,1052,1095,1126,1131,1132,1379,1396,1431,1434,1460,1620,1635,1636,1637,1638,1639,1640,1711,2234,2235,2236,2241,2242
269-虾米音乐用户-812
268-网易云音乐用户-770
267-K歌达人用户-441
265-酷我音乐用户-107,1115
264-酷狗音乐用户-31,106,1114
250-军事类院校-1882
251-艺术类院校-1900,1910,2125,2128,2137,2141,2169
258-折扣-80,800,182,183,186,315,317,645,650,682,691,692,693,698,776,805,821,828,838,18,845,846,859,903,941,970,982,1,1084,1086,1185,1194,1401,2007,2010,2012,2013,2015,2016,2017,2020,2022,9,9,39,180,184,185,192,193,268,269,298,310,311,312,313,314,316,318,438,603,532,116114,575,658,685,720,772,778,779,786,807,800,810,814,820,833,835,866,878,889,926,1031,1039,1089,1177,1178,1179,1183,1184,1188,1239,1240,1296,1483,114,2207,2248,800,2249,800
257-游戏-2449,2442,2441,1685,633,639,17173,769,935,936,989,1173,1277,1278,4399,1282,1283,2144,1288,1309,2443,2446,2,2447,2448,497,501,530,551,594,623,830,875,952,1013,1498,2,242,251,252,481,482,483,493,2,529,664,841,842,854,912,913,1012,1172,1243,2,1253,1256,1258,1306,1471,1559,2,1571,1574,1577,1578,1580,1584,1587,960,2286,448,450,535,3,1016,2444,2445,1585,1308,1286,767,1581,1166,2285,3,167,2317,250,425,426,429,430,431,498,499,920,1161,1162,1245,1561,1562,2318,446,5,447,7,486,13,487,528,5,533,536,624,625,634,6,855,1015,1248,3,235,2,256,449,452,495,601,4,531,940,985,2014,1093,1163,1252,2014,1579,1613,48,58,164,226,232,233,234,236,247,249,253,296,299,383,400,401,402,403,4,404,405,3,421,422,423,424,442,443,480,484,492,515,519,100,522,523,524,525,600,541,593,612,626,627,628,629,630,631,632,635,655,656,657,661,662,665,666,673,681,690,704,707,709,768,829,831,844,861,868,869,870,2,876,918,919,921,922,923,953,2,967,969,1014,1560,1101,1103,1125,1159,1164,1165,1190,1244,2,1246,2,1247,1249,1250,1251,1254,1255,2,1257,2,1259,1479,1558,1563,1570,1572,1575,2,1576,1615,246,549,1168,882,1043,17173,1167,1304,1305,2253,1586,1611,1612,1614,410,496,3,867,917,961,420,427,434,453,488,489,2,490,491,573,4,589,663,863,897,898,899,932,954,1010,1011,1160,1171,1307,1582,1583,1588,3,1610,254,555,1569,1573,248,815,837
259-有车一族-436,1216,1217,1521,1632,1712,2274,900,930,1235,1237,1358,1362,1363,1364,1517,1542,79
254-海事类院校-1869,2142
253-师范类院校-1889,1924,1933,1936,1944,2135
256-体育类院校-2168
255-医学类院校-1911,1916,1922,1929,2152,2161,2165
